1,0,1649951219026,1649951219224
2,0,1649951220304,1649951220496
3,0,1649951223304,1649951223503
4,0,1649951225456,1649951225656
5,0,1649951227787,1649951227991
6,0,1649951230041,1649951230235
7,0,1649951232499,1649951232702
8,0,1649951234738,1649951234944
9,0,1649951237246,1649951237452
10,0,1649951239759,1649951239960
11,0,1649951242362,1649951242565
12,0,1649951245202,1649951245409
13,0,1649951252146,1649951252353
14,0,1649951254532,1649951254722
15,0,1649951256686,1649951256884
16,0,1649951258995,1649951259202
17,0,1649951260978,1649951261192
18,0,1649951263135,1649951263328
19,0,1649951265548,1649951265735
20,0,1649951267818,1649951268021
21,0,1649951269991,1649951270194
22,0,1649951272144,1649951272342
23,0,1649951274537,1649951274743
24,0,1649951276823,1649951277012
25,0,1649951279000,1649951279208
26,0,1649951281715,1649951281911
27,0,1649951284241,1649951284436
28,0,1649951287313,1649951287514
29,0,1649951291968,1649951292159
30,0,1649951294234,1649951294446
31,0,1649951296484,1649951296682
32,0,1649951298866,1649951299053
33,0,1649951301035,1649951301241
34,0,1649951303104,1649951303294
35,0,1649951305438,1649951305628
36,0,1649951307627,1649951307820
37,0,1649951309647,1649951309851
38,0,1649951311768,1649951311948
39,0,1649951313933,1649951314142
40,0,1649951316000,1649951316191
41,0,1649951318378,1649951318571
42,0,1649951320541,1649951320731
1,1,1649951346585,1649951347133
2,1,1649951352882,1649951353742
3,1,1649951355402,1649951355808
4,1,1649951359178,1649951360359
5,1,1649951361701,1649951362579
6,1,1649951364219,1649951365182
7,1,1649951366745,1649951367514
8,1,1649951369260,1649951370068
9,1,1649951371789,1649951372353
10,1,1649951374296,1649951374723
11,1,1649951385640,1649951386318
12,1,1649951388157,1649951388466
13,1,1649951389421,1649951390499
14,1,1649951391928,1649951392767
15,1,1649951394443,1649951394738
16,1,1649951396958,1649951397114
17,1,1649951398213,1649951399456
18,1,1649951399473,1649951399480
19,1,1649951400731,1649951401760
20,1,1649951403251,1649951403891
21,1,1649951405771,1649951406129
22,1,1649951408286,1649951408495
23,1,1649951410804,1649951411016
24,1,1649951412066,1649951413314
25,1,1649951414587,1649951415664
26,1,1649951417101,1649951417854
27,1,1649951419624,1649951420237
28,1,1649951422135,1649951422388
29,1,1649951423389,1649951424632
30,1,1649951424649,1649951424672
31,1,1649951425901,1649951427068
32,1,1649951428415,1649951429427
33,1,1649951430941,1649951431712
34,1,1649951433456,1649951434026
35,1,1649951437230,1649951437417
36,1,1649951439750,1649951440505
37,1,1649951442276,1649951442929
38,1,1649951444798,1649951445663
39,1,1649951447323,1649951448039
40,1,1649951449840,1649951450067
41,1,1649951451094,1649951452178
42,1,1649951453614,1649951454578
1,2,1649951459892,1649951460851
2,2,1649951462407,1649951463095
3,2,1649951464926,1649951465347
4,2,1649951467442,1649951468150
5,2,1649951471228,1649951471464
6,2,1649951474996,1649951475711
7,2,1649951477534,1649951478638
8,2,1649951480063,1649951481305
9,2,1649951481321,1649951481376
10,2,1649951483842,1649951484616
11,2,1649951488878,1649951489591
12,2,1649951493911,1649951494607
13,2,1649951500229,1649951501059
14,2,1649951502742,1649951503225
15,2,1649951505265,1649951505494
16,2,1649951510294,1649951511110
17,2,1649951512817,1649951513245
18,2,1649951515327,1649951515918
19,2,1649951520357,1649951520488
20,2,1649951521617,1649951522853
21,2,1649951522870,1649951522895
22,2,1649951524134,1649951525382
23,2,1649951525400,1649951525416
24,2,1649951526654,1649951527714
25,2,1649951531687,1649951532944
26,2,1649951532947,1649951533056
27,2,1649951534209,1649951535457
28,2,1649951535474,1649951535512
29,2,1649951539260,1649951539629
30,2,1649951541785,1649951542591
31,2,1649951544307,1649951545419
32,2,1649951548087,1649951549309
33,2,1649951549342,1649951549416
34,2,1649951551869,1649951552617
35,2,1649951555649,1649951555664
36,2,1649951558172,1649951559089
37,2,1649951563226,1649951564057
38,2,1649951565747,1649951566178
39,2,1649951568250,1649951568401
40,2,1649951569515,1649951570651
41,2,1649951572046,1649951572832
42,2,1649951574562,1649951574827
1,4,1649951580846,1649951580989
2,4,1649951583366,1649951583550
3,4,1649951584622,1649951585647
4,4,1649951589687,1649951590520
5,4,1649951594717,1649951594843
6,4,1649951595981,1649951597151
7,4,1649951598502,1649951599440
8,4,1649951608575,1649951609097
9,4,1649951611089,1649951611386
10,4,1649951613596,1649951614024
11,4,1649951617367,1649951617617
12,4,1649951621143,1649951622378
13,4,1649951626184,1649951626573
14,4,1649951631209,1649951631410
15,4,1649951633727,1649951633887
16,4,1649951634990,1649951636230
17,4,1649951636247,1649951636320
18,4,1649951637502,1649951638645
19,4,1649951645060,1649951645756
20,4,1649951647564,1649951648384
21,4,1649951653866,1649951654856
22,4,1649951657638,1649951658859
23,4,1649951660155,1649951661051
24,4,1649951662667,1649951663591
25,4,1649951665187,1649951665752
26,4,1649951670210,1649951670454
27,4,1649951671471,1649951672723
28,4,1649951672740,1649951672759
29,4,1649951673999,1649951675188
30,4,1649951679022,1649951679543
31,4,1649951681535,1649951681894
32,4,1649951682806,1649951684035
33,4,1649951685325,1649951686456
34,4,1649951687835,1649951688830
35,4,1649951690365,1649951691046
36,4,1649951692883,1649951693493
37,4,1649951695418,1649951695810
38,4,1649951699185,1649951700427
39,4,1649951700443,1649951700524
40,4,1649951704206,1649951705445
41,4,1649951705461,1649951705535
42,4,1649951709224,1649951710473
43,4,1649951710490,1649951710496
44,4,1649951711756,1649951712704
3,3,1649951716786,1649951717491
4,3,1649951719307,1649951719975
5,3,1649951721835,1649951722835
6,3,1649951730628,1649951731470
7,3,1649951733160,1649951733754
8,3,1649951738197,1649951738579
9,3,1649951740708,1649951741350
10,3,1649951743228,1649951743876
11,3,1649951748256,1649951748591
12,3,1649951750761,1649951751177
13,3,1649951753266,1649951753649
14,3,1649951755780,1649951756824
15,3,1649951758299,1649951759363
16,3,1649951760820,1649951761683
17,3,1649951763327,1649951764004
18,3,1649951765854,1649951766589
19,3,1649951768365,1649951769412
20,3,1649951772136,1649951772237
21,3,1649951774654,1649951774945
22,3,1649951777178,1649951777502
23,3,1649951779685,1649951779823
24,3,1649951780947,1649951782184
25,3,1649951782201,1649951782224
26,3,1649951783456,1649951784417
27,3,1649951785981,1649951786766
28,3,1649951788487,1649951789199
29,3,1649951791009,1649951791616
30,3,1649951793535,1649951793789
31,3,1649951794793,1649951796036
32,3,1649951796053,1649951796103
33,3,1649951797310,1649951798540
34,3,1649951801111,1649951801286
35,3,1649951803634,1649951803712
36,3,1649951806152,1649951806237
37,3,1649951808666,1649951808995
38,3,1649951811181,1649951811383
39,3,1649951813703,1649951814151
40,3,1649951816224,1649951816335
41,3,1649951818742,1649951819231
42,3,1649951821260,1649951822160
