2,0,1649898620145,1649898620344
3,0,1649898623944,1649898624144
4,0,1649898625976,1649898626169
5,0,1649898628441,1649898628632
6,0,1649898630232,1649898630433
7,0,1649898633777,1649898633969
8,0,1649898635440,1649898635641
9,0,1649898637193,1649898637385
10,0,1649898642704,1649898642897
11,0,1649898644401,1649898644600
12,0,1649898646121,1649898646313
13,0,1649898647832,1649898648032
14,0,1649898649497,1649898649689
15,0,1649898652633,1649898652833
16,0,1649898654336,1649898654537
17,0,1649898656233,1649898656440
18,0,1649898658088,1649898658280
19,0,1649898659553,1649898659744
20,0,1649898661257,1649898661456
21,0,1649898663056,1649898663248
22,0,1649898664881,1649898665072
23,0,1649898666616,1649898666809
24,0,1649898668528,1649898668721
25,0,1649898670361,1649898670560
26,0,1649898672465,1649898672656
27,0,1649898674657,1649898674856
28,0,1649898676496,1649898676688
29,0,1649898678241,1649898678441
30,0,1649898680016,1649898680216
31,0,1649898681633,1649898681832
32,0,1649898683336,1649898683529
33,0,1649898685049,1649898685248
34,0,1649898686560,1649898686760
35,0,1649898688192,1649898688384
36,0,1649898689928,1649898690129
37,0,1649898691464,1649898691656
38,0,1649898693184,1649898693377
39,0,1649898694745,1649898694937
40,0,1649898696448,1649898696649
41,0,1649898698273,1649898698473
42,0,1649898700008,1649898700209
43,0,1649898701672,1649898701872
44,0,1649898703953,1649898704152
45,0,1649898706313,1649898706504
46,0,1649898707736,1649898707928
47,0,1649898709312,1649898709520
48,0,1649898710880,1649898711081
49,0,1649898712616,1649898712817
50,0,1649898714345,1649898714537
1,1,1649898727767,1649898728184
2,1,1649898729023,1649898729392
3,1,1649898730288,1649898731168
4,1,1649898732807,1649898732856
5,1,1649898734070,1649898734617
6,1,1649898739107,1649898740193
7,1,1649898755458,1649898755921
8,1,1649898757964,1649898758201
9,1,1649898759216,1649898760464
10,1,1649898760469,1649898760544
11,1,1649898762990,1649898763145
12,1,1649898764244,1649898765385
13,1,1649898766760,1649898767344
14,1,1649898769284,1649898769464
15,1,1649898770546,1649898771800
16,1,1649898771810,1649898771832
17,1,1649898773065,1649898774056
18,1,1649898775577,1649898776136
19,1,1649898778087,1649898779336
20,1,1649898779343,1649898779360
21,1,1649898780605,1649898781256
22,1,1649898781871,1649898783088
23,1,1649898784392,1649898785040
24,1,1649898786914,1649898787056
25,1,1649898788167,1649898789096
26,1,1649898790677,1649898791024
27,1,1649898791936,1649898793185
28,1,1649898793190,1649898793281
29,1,1649898794454,1649898795425
30,1,1649898796966,1649898797385
31,1,1649898798221,1649898799472
32,1,1649898799486,1649898799528
33,1,1649898800737,1649898801344
34,1,1649898801991,1649898803231
35,1,1649898803246,1649898803352
36,1,1649898804509,1649898805472
37,1,1649898807021,1649898807432
38,1,1649898808284,1649898809329
39,1,1649898810796,1649898811249
40,1,1649898813314,1649898813825
41,1,1649898814568,1649898815816
42,1,1649898815830,1649898815880
43,1,1649898817083,1649898817576
44,1,1649898818347,1649898819457
45,1,1649898820863,1649898821296
46,1,1649898822120,1649898823248
1,2,1649898825886,1649898826728
2,2,1649898828408,1649898828616
3,2,1649898829660,1649898830714
4,2,1649898832179,1649898832882
5,2,1649898833432,1649898834680
6,2,1649898834687,1649898834688
7,2,1649898835943,1649898836528
8,2,1649898837199,1649898838424
9,2,1649898839709,1649898840320
10,2,1649898840968,1649898842216
11,2,1649898842232,1649898842249
12,2,1649898843491,1649898844560
13,2,1649898846001,1649898846431
14,2,1649898847264,1649898848521
15,2,1649898848530,1649898848601
16,2,1649898849783,1649898850744
17,2,1649898852293,1649898852904
18,2,1649898854806,1649898854968
19,2,1649898856067,1649898857320
20,2,1649898857322,1649898857472
21,2,1649898859835,1649898860412
22,2,1649898862351,1649898863045
23,2,1649898864862,1649898865384
24,2,1649898866119,1649898867376
25,2,1649898867378,1649898867461
26,2,1649898868632,1649898869752
27,2,1649898871143,1649898871760
28,2,1649898873658,1649898873839
29,2,1649898874910,1649898876044
30,2,1649898877423,1649898877893
31,2,1649898878676,1649898879876
32,2,1649898881197,1649898881911
33,2,1649898883710,1649898883961
34,2,1649898884971,1649898886024
35,2,1649898887483,1649898888032
36,2,1649898888741,1649898889984
37,2,1649898889998,1649898890124
38,2,1649898891255,1649898891928
39,2,1649898893767,1649898893952
40,2,1649898895026,1649898896121
41,2,1649898897539,1649898898504
42,2,1649898900063,1649898900608
43,2,1649898901327,1649898902569
44,2,1649898902581,1649898902584
45,2,1649898903838,1649898904757
9,3,1649898907612,1649898908056
10,3,1649898908878,1649898910104
11,3,1649898915157,1649898916128
12,3,1649898917683,1649898918208
13,3,1649898921469,1649898922616
14,3,1649898923986,1649898924744
15,3,1649898926499,1649898926904
16,3,1649898927753,1649898928999
17,3,1649898929007,1649898929032
18,3,1649898930264,1649898931280
19,3,1649898932772,1649898933336
20,3,1649898934029,1649898935272
21,3,1649898935285,1649898935392
22,3,1649898936539,1649898937648
23,3,1649898939043,1649898939720
24,3,1649898941556,1649898941768
25,3,1649898942821,1649898943960
26,3,1649898945336,1649898945984
27,3,1649898946599,1649898947847
28,3,1649898947859,1649898947944
29,3,1649898950370,1649898950584
30,3,1649898951629,1649898952584
31,3,1649898954139,1649898954368
32,3,1649898955395,1649898956007
33,3,1649898957918,1649898958152
34,3,1649898959177,1649898959912
35,3,1649898960434,1649898961688
36,3,1649898961695,1649898961879
37,3,1649898962947,1649898963864
38,3,1649898965471,1649898965792
39,3,1649898966729,1649898967496
40,3,1649898967984,1649898969213
41,3,1649898969241,1649898970480
42,3,1649898970492,1649898970671
43,3,1649898971749,1649898972424
44,3,1649898973005,1649898974264
45,3,1649898974266,1649898974303
46,3,1649898975518,1649898976096
47,3,1649898976773,1649898977912
48,3,1649898979286,1649898979744
49,3,1649898980540,1649898981544
50,3,1649898983058,1649898983776
2,4,1649898986833,1649898987760
3,4,1649898989344,1649898990048
4,4,1649898990606,1649898991848
5,4,1649898991864,1649898992016
6,4,1649898993123,1649898994127
7,4,1649898995638,1649898996168
8,4,1649898996904,1649898998160
9,4,1649898998161,1649898998240
10,4,1649898999421,1649899000272
11,4,1649899001940,1649899002504
12,4,1649899003199,1649899004456
13,4,1649899005719,1649899006112
14,4,1649899006978,1649899008186
15,4,1649899009497,1649899009928
16,4,1649899010757,1649899011655
17,4,1649899013273,1649899013488
18,4,1649899014529,1649899015768
19,4,1649899018306,1649899019536
20,4,1649899019560,1649899019657
21,4,1649899022079,1649899022848
22,4,1649899023340,1649899024591
23,4,1649899024598,1649899024752
24,4,1649899025856,1649899026584
25,4,1649899028372,1649899028680
26,4,1649899029632,1649899030359
27,4,1649899030894,1649899032096
28,4,1649899033410,1649899034512
29,4,1649899037183,1649899038031
30,4,1649899039700,1649899039977
31,4,1649899040957,1649899042216
32,4,1649899043473,1649899044119
33,4,1649899044725,1649899045976
34,4,1649899045985,1649899046008
35,4,1649899047244,1649899047848
36,4,1649899048505,1649899049752
37,4,1649899049766,1649899049776
38,4,1649899051025,1649899051656
39,4,1649899052283,1649899053471
40,4,1649899054795,1649899055392
41,4,1649899058575,1649899059568
42,4,1649899061102,1649899061800
43,4,1649899062354,1649899063607
44,4,1649899063613,1649899063703
45,4,1649899066128,1649899066968
46,4,1649899068641,1649899068856
47,4,1649899069902,1649899070593