1,0,1650052172203,1650052172396
2,0,1650052174464,1650052174666
3,0,1650052176728,1650052176936
4,0,1650052179422,1650052179625
1,3,1650052181620,1650052182081
5,0,1650052184866,1650052185057
6,0,1650052187736,1650052187925
7,0,1650052191230,1650052191439
8,0,1650052194329,1650052194527
9,0,1650052200826,1650052201014
10,0,1650052204175,1650052204379
11,0,1650052207552,1650052207742
12,0,1650052210956,1650052211157
13,0,1650052214173,1650052214350
14,0,1650052220560,1650052220763
15,0,1650052223654,1650052223848
16,0,1650052227005,1650052227195
17,0,1650052230149,1650052230327
18,0,1650052233522,1650052233716
19,0,1650052236143,1650052236341
20,0,1650052238625,1650052238815
21,0,1650052241352,1650052241549
22,0,1650052246033,1650052246227
23,0,1650052248302,1650052248497
24,0,1650052251100,1650052251301
25,0,1650052253942,1650052254139
26,0,1650052256693,1650052256898
27,0,1650052259589,1650052259788
28,0,1650052262708,1650052262898
29,0,1650052265503,1650052265712
30,0,1650052268439,1650052268627
31,0,1650052271931,1650052272123
32,0,1650052274650,1650052274846
1,1,1650052277267,1650052277917
33,0,1650052280767,1650052280967
34,0,1650052283629,1650052283823
35,0,1650052286853,1650052287034
36,0,1650052289634,1650052289823
37,0,1650052292542,1650052292726
38,0,1650052295247,1650052295451
39,0,1650052297861,1650052298045
40,0,1650052300685,1650052300870
41,0,1650052303839,1650052304038
42,0,1650052306424,1650052306619
2,1,1650052316291,1650052316482
3,1,1650052318808,1650052319291
4,1,1650052321330,1650052321674
5,1,1650052323846,1650052324059
6,1,1650052325109,1650052326345
7,1,1650052326361,1650052326397
8,1,1650052327621,1650052328822
9,1,1650052330140,1650052331353
10,1,1650052332670,1650052333845
11,1,1650052336428,1650052336772
12,1,1650052338947,1650052339546
13,1,1650052341463,1650052342266
14,1,1650052343981,1650052344960
15,1,1650052347769,1650052347877
16,1,1650052350285,1650052350739
17,1,1650052352809,1650052353321
18,1,1650052355332,1650052355997
19,1,1650052357854,1650052358749
20,1,1650052360366,1650052361266
21,1,1650052362888,1650052363636
22,1,1650052365396,1650052366140
23,1,1650052367927,1650052368464
24,1,1650052370441,1650052370854
25,1,1650052372956,1650052373154
26,1,1650052375460,1650052375617
27,1,1650052376720,1650052377902
28,1,1650052379236,1650052380072
29,1,1650052381757,1650052382362
30,1,1650052384271,1650052384852
31,1,1650052386795,1650052387283
32,1,1650052389300,1650052389584
33,1,1650052391812,1650052391937
34,1,1650052393078,1650052394318
35,1,1650052395589,1650052396712
36,1,1650052398106,1650052399300
37,1,1650052400629,1650052401759
38,1,1650052403142,1650052403816
39,1,1650052405662,1650052405984
40,1,1650052406920,1650052408056
41,1,1650052409442,1650052410260
42,1,1650052411948,1650052412108
43,1,1650052414472,1650052414692
1,2,1650052419488,1650052420095
2,2,1650052421998,1650052422427
3,2,1650052424517,1650052425280
4,2,1650052427030,1650052427537
5,2,1650052429552,1650052429713
6,2,1650052430815,1650052432005
7,2,1650052433324,1650052434275
8,2,1650052435843,1650052436382
9,2,1650052438363,1650052439011
10,2,1650052440881,1650052441133
11,2,1650052442140,1650052443338
12,2,1650052444659,1650052445831
13,2,1650052447189,1650052448344
14,2,1650052449697,1650052450644
15,2,1650052452228,1650052452741
16,2,1650052454766,1650052454891
17,2,1650052456021,1650052456988
18,2,1650052458543,1650052459133
19,2,1650052461057,1650052461308
20,2,1650052462320,1650052463566
21,2,1650052463583,1650052463612
22,2,1650052464847,1650052465919
23,2,1650052467371,1650052468125
24,2,1650052469883,1650052470375
25,2,1650052472392,1650052472888
26,2,1650052474902,1650052475238
27,2,1650052477406,1650052477716
28,2,1650052478666,1650052479908
29,2,1650052479925,1650052479941
30,2,1650052481192,1650052482387
31,2,1650052483715,1650052484577
32,2,1650052486230,1650052486935
33,2,1650052488736,1650052488915
34,2,1650052491251,1650052491360
35,2,1650052492517,1650052493691
36,2,1650052495030,1650052495642
37,2,1650052497548,1650052497876
38,2,1650052500072,1650052500343
39,2,1650052501324,1650052502493
40,2,1650052503841,1650052504801
41,2,1650052506359,1650052506921
42,2,1650052508874,1650052509307
43,2,1650052510141,1650052511389
44,2,1650052511392,1650052511413
45,2,1650052513921,1650052514275
1,4,1650052515188,1650052516437
2,4,1650052518971,1650052519659
3,4,1650052521481,1650052521976
4,4,1650052524000,1650052524331
5,4,1650052525251,1650052526461
6,4,1650052527772,1650052528554
7,4,1650052530298,1650052530626
8,4,1650052531555,1650052532686
9,4,1650052534070,1650052535035
10,4,1650052536584,1650052537111
11,4,1650052539097,1650052539490
12,4,1650052541601,1650052541795
13,4,1650052544109,1650052544260
14,4,1650052545363,1650052546604
15,4,1650052546621,1650052546684
16,4,1650052547875,1650052548652
17,4,1650052550400,1650052550970
18,4,1650052552908,1650052553048
19,4,1650052554182,1650052555281
20,4,1650052556703,1650052557358
21,4,1650052559234,1650052559375
22,4,1650052560490,1650052561370
23,4,1650052563009,1650052563653
24,4,1650052565533,1650052566036
25,4,1650052568060,1650052568390
26,4,1650052570576,1650052570733
27,4,1650052573096,1650052573207
28,4,1650052574349,1650052575594
29,4,1650052575611,1650052575613
30,4,1650052576867,1650052577953
31,4,1650052580655,1650052580775
32,4,1650052583173,1650052583502
33,4,1650052584441,1650052585662
34,4,1650052588203,1650052588422
35,4,1650052590714,1650052591009
36,4,1650052593240,1650052593869
37,4,1650052595762,1650052596553
38,4,1650052598282,1650052599418
39,4,1650052600800,1650052601955
40,4,1650052603315,1650052604384
41,4,1650052605830,1650052606360
42,4,1650052608347,1650052608457
2,3,1650052610866,1650052611558
3,3,1650052613385,1650052614607
4,3,1650052617144,1650052617471
5,3,1650052619670,1650052620325
6,3,1650052622175,1650052622917
7,3,1650052624690,1650052625553
8,3,1650052627202,1650052627932
9,3,1650052629723,1650052630683
10,3,1650052634751,1650052635015
11,3,1650052636016,1650052637259
12,3,1650052637276,1650052637325
13,3,1650052639787,1650052639956
14,3,1650052641042,1650052642242
15,3,1650052644824,1650052645236
16,3,1650052646082,1650052647324
17,3,1650052647340,1650052647429
18,3,1650052649862,1650052650036
19,3,1650052652367,1650052652781
20,3,1650052654899,1650052655668
21,3,1650052657413,1650052658407
22,3,1650052659929,1650052661173
23,3,1650052661190,1650052661276
24,3,1650052663699,1650052664321
25,3,1650052666221,1650052666742
26,3,1650052668740,1650052669205
27,3,1650052671265,1650052671879
28,3,1650052673782,1650052674079
29,3,1650052675042,1650052676186
30,3,1650052677565,1650052678338
31,3,1650052680085,1650052680654
32,3,1650052681342,1650052682586
33,3,1650052682602,1650052682604
34,3,1650052683855,1650052684758
35,3,1650052686375,1650052687596
36,3,1650052687629,1650052687708
37,3,1650052688887,1650052690102
38,3,1650052691414,1650052692461
39,3,1650052693934,1650052694549
40,3,1650052696455,1650052697114
41,3,1650052698982,1650052699125
42,3,1650052700237,1650052701475
43,3,1650052701492,1650052701492
43,0,1650052707950,1650052708163
44,1,1650052709046,1650052709525
46,2,1650052710301,1650052711475
43,4,1650052712823,1650052714053
45,1,1650052717842,1650052718787
44,0,1650052720969,1650052721103
