1,3,1650138702272,1650138702754
1,0,1650138704706,1650138704906
2,0,1650138706481,1650138706680
3,0,1650138710922,1650138711107
4,0,1650138713045,1650138713234
5,0,1650138715107,1650138715306
6,0,1650138717343,1650138717537
7,0,1650138719599,1650138719804
8,0,1650138721592,1650138721786
9,0,1650138723672,1650138723861
10,0,1650138725590,1650138725785
11,0,1650138727706,1650138727903
12,0,1650138729772,1650138729955
13,0,1650138731708,1650138731910
14,0,1650138733852,1650138734039
15,0,1650138736004,1650138736206
16,0,1650138738052,1650138738243
17,0,1650138742138,1650138742345
18,0,1650138746044,1650138746237
19,0,1650138747839,1650138748042
20,0,1650138749991,1650138750200
21,0,1650138752092,1650138752299
22,0,1650138753916,1650138754122
23,0,1650138756004,1650138756193
24,0,1650138757807,1650138758002
25,0,1650138759604,1650138759795
26,0,1650138761351,1650138761555
27,0,1650138764005,1650138764195
28,0,1650138766407,1650138766603
29,0,1650138768464,1650138768680
30,0,1650138770584,1650138770779
31,0,1650138772411,1650138772611
32,0,1650138774442,1650138774645
33,0,1650138776274,1650138776477
34,0,1650138778381,1650138778571
35,0,1650138780587,1650138780795
36,0,1650138782258,1650138782464
37,0,1650138784145,1650138784326
38,0,1650138785711,1650138785904
39,0,1650138787583,1650138787786
40,0,1650138789712,1650138789901
41,0,1650138791720,1650138791913
42,0,1650138793654,1650138793828
1,2,1650138799140,1650138799265
2,2,1650138802920,1650138803991
3,2,1650138805439,1650138806514
4,2,1650138807964,1650138808788
5,2,1650138814241,1650138815253
43,0,1650138817211,1650138817395
6,2,1650138818010,1650138819109
7,2,1650138823050,1650138823365
8,2,1650138825559,1650138825715
9,2,1650138828075,1650138828141
10,2,1650138830594,1650138830657
11,2,1650138833122,1650138833405
1,4,1650138835638,1650138835778
2,4,1650138836903,1650138838140
3,4,1650138838156,1650138838178
12,2,1650138841931,1650138842839
13,2,1650138846969,1650138847786
14,2,1650138851996,1650138852629
15,2,1650138859551,1650138860745
16,2,1650138865850,1650138866198
17,2,1650138868380,1650138868835
18,2,1650138870902,1650138871845
19,2,1650138873429,1650138874449
20,2,1650138875952,1650138877032
44,0,1650138879446,1650138879650
21,2,1650138880978,1650138881601
22,2,1650138886011,1650138886597
23,2,1650138888530,1650138889102
24,2,1650138891044,1650138891325
25,2,1650138893557,1650138893698
26,2,1650138894821,1650138896042
27,2,1650138899836,1650138900547
28,2,1650138914935,1650138915261
29,2,1650138919976,1650138920497
30,2,1650138928774,1650138929150
31,2,1650138937585,1650138937978
2,3,1650138942613,1650138943609
32,2,1650138947639,1650138948370
33,2,1650138950149,1650138950594
34,2,1650138952662,1650138953371
35,2,1650138955185,1650138955863
36,2,1650138957704,1650138958362
37,2,1650138960223,1650138960772
38,2,1650138962741,1650138963020
39,2,1650138964005,1650138965238
40,2,1650138966532,1650138967583
41,2,1650138969039,1650138969568
42,2,1650138971568,1650138971832
43,2,1650138972843,1650138974069
44,2,1650138975354,1650138976042
1,1,1650138980378,1650138981590
2,1,1650138982893,1650138983927
3,1,1650138985410,1650138986181
4,1,1650138987924,1650138988375
5,1,1650138990442,1650138991015
6,1,1650138992962,1650138993138
7,1,1650138995492,1650138995543
8,1,1650138998011,1650138998329
9,1,1650138999269,1650139000525
10,1,1650139000542,1650139000570
11,1,1650139003061,1650139003436
12,1,1650139005577,1650139005966
13,1,1650139008083,1650139008516
14,1,1650139010593,1650139010813
15,1,1650139013120,1650139013187
16,1,1650139014383,1650139015641
17,1,1650139015657,1650139015681
18,1,1650139018171,1650139018834
19,1,1650139023195,1650139024057
20,1,1650139025709,1650139026756
21,1,1650139028229,1650139029071
22,1,1650139030742,1650139031071
23,1,1650139032009,1650139033251
24,1,1650139035778,1650139036516
25,1,1650139038297,1650139038659
26,1,1650139040816,1650139041210
27,1,1650139042079,1650139043270
28,1,1650139044591,1650139045610
29,1,1650139047099,1650139047902
30,1,1650139049612,1650139049991
31,1,1650139052123,1650139052210
32,1,1650139054636,1650139055275
33,1,1650139057159,1650139057402
34,1,1650139059681,1650139059807
35,1,1650139060941,1650139062123
36,1,1650139063456,1650139064325
37,1,1650139065981,1650139066485
38,1,1650139068509,1650139068652
39,1,1650139069762,1650139070975
40,1,1650139072286,1650139073118
41,1,1650139074805,1650139075245
42,1,1650139077327,1650139077542
43,1,1650139079846,1650139079971
44,1,1650139081112,1650139082321
3,3,1650139087391,1650139088636
4,3,1650139088654,1650139088682
5,3,1650139089914,1650139090834
6,3,1650139092430,1650139093313
7,3,1650139094952,1650139095561
8,3,1650139097479,1650139097862
9,3,1650139098740,1650139099979
10,3,1650139099996,1650139100026
11,3,1650139102522,1650139102703
12,3,1650139105039,1650139105268
13,3,1650139106299,1650139107543
14,3,1650139107560,1650139107585
15,3,1650139108824,1650139110060
16,3,1650139110077,1650139110172
17,3,1650139112589,1650139113099
18,3,1650139115110,1650139115790
19,3,1650139117625,1650139118033
20,3,1650139120150,1650139120301
21,3,1650139122674,1650139122878
22,3,1650139125187,1650139125335
23,3,1650139127700,1650139127750
24,3,1650139128955,1650139130161
25,3,1650139135233,1650139136118
26,3,1650139137737,1650139138661
27,3,1650139140257,1650139140858
28,3,1650139142772,1650139142853
29,3,1650139144030,1650139145270
30,3,1650139145286,1650139145289
31,3,1650139147805,1650139147948
32,3,1650139150321,1650139150812
33,3,1650139151583,1650139152690
34,3,1650139154098,1650139155339
35,3,1650139157868,1650139158762
36,3,1650139160378,1650139160939
37,3,1650139162898,1650139163229
38,3,1650139164154,1650139165281
39,3,1650139166664,1650139167047
40,3,1650139175463,1650139175666
41,3,1650139176727,1650139177872
42,3,1650139180512,1650139180896
43,3,1650139181765,1650139182766
44,3,1650139184274,1650139184397
45,3,1650139186788,1650139187358
4,4,1650139199391,1650139200632
5,4,1650139201906,1650139202519
6,4,1650139204426,1650139204779
7,4,1650139205678,1650139206903
8,4,1650139208197,1650139209443
9,4,1650139209460,1650139209537
10,4,1650139210723,1650139211427
11,4,1650139213239,1650139214402
12,4,1650139215760,1650139216535
13,4,1650139218283,1650139219508
14,4,1650139220795,1650139222032
15,4,1650139222048,1650139222150
16,4,1650139224567,1650139224989
17,4,1650139227080,1650139228290
18,4,1650139232115,1650139233255
19,4,1650139234638,1650139235609
20,4,1650139238425,1650139238513
21,4,1650139239686,1650139240933
22,4,1650139240950,1650139241052
23,4,1650139242212,1650139243414
24,4,1650139244736,1650139245971
25,4,1650139247246,1650139248392
26,4,1650139249772,1650139250729
27,4,1650139252278,1650139252914
28,4,1650139254793,1650139255210
29,4,1650139259841,1650139260013
30,4,1650139261098,1650139262343
31,4,1650139262359,1650139262361
32,4,1650139263619,1650139264567
33,4,1650139266128,1650139266861
34,4,1650139268651,1650139268931
35,4,1650139269914,1650139271154
36,4,1650139272425,1650139273260
37,4,1650139274941,1650139275474
38,4,1650139277462,1650139277692
39,4,1650139278715,1650139279934
40,4,1650139281223,1650139281757
41,4,1650139282484,1650139283714
42,4,1650139283748,1650139283809
43,4,1650139285000,1650139285951
44,4,1650139287516,1650139288108
45,4,1650139290043,1650139290213
45,0,1650139302862,1650139302964
