1,0,1649983839713,1649983839927
2,0,1649983842871,1649983843058
3,0,1649983848162,1649983848367
4,0,1649983850487,1649983850683
5,0,1649983852887,1649983853090
6,0,1649983855325,1649983855531
7,0,1649983857755,1649983857948
8,0,1649983860023,1649983860228
9,0,1649983862303,1649983862507
10,0,1649983864612,1649983864814
11,0,1649983866889,1649983867094
12,0,1649983869137,1649983869326
13,0,1649983871471,1649983871653
14,0,1649983873907,1649983874110
15,0,1649983876350,1649983876550
16,0,1649983878456,1649983878666
17,0,1649983880625,1649983880826
18,0,1649983882730,1649983882920
19,0,1649983887674,1649983887863
20,0,1649983890156,1649983890344
21,0,1649983892706,1649983892900
22,0,1649983895298,1649983895490
23,0,1649983897529,1649983897735
24,0,1649983900095,1649983900300
25,0,1649983902404,1649983902591
26,0,1649983904892,1649983905072
27,0,1649983906956,1649983907158
28,0,1649983909230,1649983909418
29,0,1649983911664,1649983911867
30,0,1649983913594,1649983913803
31,0,1649983916241,1649983916460
32,0,1649983918795,1649983918993
33,0,1649983921249,1649983921452
34,0,1649983923733,1649983923928
35,0,1649983926293,1649983926465
36,0,1649983928841,1649983929046
37,0,1649983931064,1649983931271
38,0,1649983933226,1649983933432
39,0,1649983935493,1649983935681
40,0,1649983937607,1649983937812
41,0,1649983939662,1649983939848
42,0,1649983941666,1649983941852
43,0,1649983943864,1649983944070
44,0,1649983945938,1649983946131
1,1,1649983949046,1649983950032
2,1,1649983951565,1649983952333
3,1,1649983954074,1649983954600
4,1,1649983956580,1649983956903
5,1,1649983959100,1649983959296
6,1,1649983960352,1649983961601
7,1,1649983962881,1649983964118
8,1,1649983965404,1649983966348
9,1,1649983967942,1649983968399
10,1,1649983970466,1649983970799
11,1,1649983972981,1649983973120
12,1,1649983974245,1649983975245
13,1,1649983976753,1649983977362
14,1,1649983979275,1649983979581
15,1,1649983980540,1649983981786
16,1,1649983985599,1649983986714
17,1,1649983988114,1649983989047
18,1,1649983990644,1649983991101
19,1,1649983991918,1649983993164
20,1,1649983993183,1649983993263
21,1,1649983995691,1649983995885
22,1,1649983996945,1649983998087
23,1,1649983999464,1649984000325
24,1,1649984001983,1649984002766
25,1,1649984004500,1649984005009
26,1,1649984007018,1649984007349
27,1,1649984009539,1649984009697
28,1,1649984010792,1649984012034
29,1,1649984012051,1649984012070
30,1,1649984013317,1649984014542
31,1,1649984015833,1649984016540
32,1,1649984017084,1649984018329
33,1,1649984018346,1649984018391
34,1,1649984019604,1649984020706
35,1,1649984022140,1649984022825
36,1,1649984024654,1649984024817
37,1,1649984025906,1649984027043
38,1,1649984028433,1649984029105
39,1,1649984030950,1649984031103
40,1,1649984032218,1649984033316
41,1,1649984034731,1649984035365
42,1,1649984035984,1649984037221
43,1,1649984037238,1649984037313
44,1,1649984038492,1649984039191
45,1,1649984041014,1649984041222
46,1,1649984042272,1649984043193
1,2,1649984044781,1649984045950
2,2,1649984047299,1649984048140
3,2,1649984049821,1649984050623
4,2,1649984052343,1649984052728
5,2,1649984053598,1649984054842
6,2,1649984054859,1649984054911
7,2,1649984056124,1649984057000
8,2,1649984058646,1649984059285
9,2,1649984061156,1649984061711
10,2,1649984064925,1649984065120
11,2,1649984066188,1649984067426
12,2,1649984067444,1649984067542
13,2,1649984068703,1649984069798
14,2,1649984071223,1649984072448
15,2,1649984072480,1649984072598
16,2,1649984073736,1649984074774
17,2,1649984076250,1649984077185
18,2,1649984078777,1649984079799
19,2,1649984081290,1649984082207
20,2,1649984083800,1649984084470
21,2,1649984086309,1649984086807
22,2,1649984088835,1649984089255
23,2,1649984091352,1649984091582
24,2,1649984093889,1649984094110
25,2,1649984095142,1649984096398
26,2,1649984096401,1649984096431
27,2,1649984097662,1649984098646
28,2,1649984100185,1649984101134
29,2,1649984102697,1649984103303
30,2,1649984105215,1649984105647
31,2,1649984107744,1649984108233
32,2,1649984110263,1649984110750
33,2,1649984112780,1649984113214
34,2,1649984115298,1649984115550
35,2,1649984116564,1649984117810
36,2,1649984117826,1649984117976
37,2,1649984120349,1649984120654
38,2,1649984121614,1649984122855
39,2,1649984122871,1649984122974
40,2,1649984125392,1649984125567
41,2,1649984127905,1649984128310
42,2,1649984130422,1649984130646
43,2,1649984132941,1649984133366
1,4,1649984137968,1649984138234
2,4,1649984139226,1649984140476
3,4,1649984140493,1649984140633
4,4,1649984141747,1649984142876
5,4,1649984144266,1649984144932
6,4,1649984146777,1649984147389
7,4,1649984148037,1649984149278
8,4,1649984149294,1649984149358
9,4,1649984150557,1649984151346
10,4,1649984153081,1649984153815
11,4,1649984155600,1649984155922
12,4,1649984158118,1649984158456
13,4,1649984159371,1649984160619
14,4,1649984161892,1649984162894
15,4,1649984164411,1649984165021
16,4,1649984165686,1649984166929
17,4,1649984166945,1649984167105
18,4,1649984168217,1649984169442
19,4,1649984170744,1649984171657
20,4,1649984173255,1649984173902
21,4,1649984174516,1649984175762
22,4,1649984175779,1649984175830
23,4,1649984177037,1649984178054
24,4,1649984179565,1649984180287
25,4,1649984182082,1649984182572
26,4,1649984184585,1649984184823
27,4,1649984187095,1649984187267
28,4,1649984188353,1649984189598
29,4,1649984189614,1649984189743
30,4,1649984190877,1649984191749
31,4,1649984193389,1649984193942
32,4,1649984195903,1649984196109
33,4,1649984197156,1649984198396
34,4,1649984198412,1649984198422
35,4,1649984199669,1649984200818
36,4,1649984202188,1649984202831
37,4,1649984203446,1649984204687
38,4,1649984204704,1649984204735
39,4,1649984205965,1649984206999
40,4,1649984208483,1649984209398
41,4,1649984211003,1649984211521
42,4,1649984212265,1649984213505
43,4,1649984213521,1649984213526
6,3,1649984214778,1649984215962
7,3,1649984217300,1649984218230
8,3,1649984219813,1649984220672
9,3,1649984222335,1649984223026
10,3,1649984224857,1649984225189
11,3,1649984226116,1649984227379
12,3,1649984227396,1649984227462
13,3,1649984228658,1649984229517
14,3,1649984231184,1649984231879
15,3,1649984233710,1649984234055
16,3,1649984234965,1649984236205
17,3,1649984236222,1649984236294
18,3,1649984237486,1649984238508
19,3,1649984239998,1649984240934
20,3,1649984242517,1649984243051
21,3,1649984245040,1649984245476
22,3,1649984247558,1649984248124
23,3,1649984250064,1649984250542
24,3,1649984251317,1649984252582
25,3,1649984252598,1649984252662
26,3,1649984253860,1649984254942
27,3,1649984256375,1649984257485
28,3,1649984258906,1649984259862
29,3,1649984261442,1649984262690
30,3,1649984263970,1649984265000
31,3,1649984266499,1649984267271
32,3,1649984271520,1649984272238
33,3,1649984274041,1649984274716
34,3,1649984276558,1649984277061
35,3,1649984277822,1649984279064
36,3,1649984279081,1649984279126
37,3,1649984280341,1649984281415
38,3,1649984282851,1649984283653
39,3,1649984285362,1649984285999
40,3,1649984287885,1649984288311
41,3,1649984289153,1649984290388
42,3,1649984290404,1649984290529
43,3,1649984291670,1649984292918
44,3,1649984292926,1649984292990
45,3,1649984294180,1649984295207
46,3,1649984296704,1649984297573
47,3,1649984299221,1649984299748
